,1,2,3,4,5,6,7,8,9,10,11,12,13,14,15,16,17,18,19,20,21,22,23,24,25,26,27,28,29,30,31,32,33,34,35,36,37,38,39,40,41,42,43,44,45,46,47,48,49,50,51,52,53,54,55,56,57,58,59,60,61,62,63,64,65,66,67,68,69,70
1,1,11027360,7948511,8717936,6400363,8962576,6592627,8328472,11213847,9441037,8142999,8012062,11526916,10301676,10972086,6970524,7663873,7595315,10272441,9855189,6836552,10242746,12005350,10719203,10511548,12274024,8264554,10656521,12162915,9170376,8981513,10445206,9477546,11162288,7947011,8424705,7538187,9578799,9721657,7160235,12467222,10561003,7033422,0,11410411,8780163,6517293,11711572,8391105,11985089,11953540,10125864,9449961,7468814,12255836,9771663,9078717,9391894,11886681,11600866,7529368,6545065,9898683,9087857,9636850,10155255,8698557,11671115,10736087,8731077
2,11027360,1,7857996,7411044,12388088,11758551,8848728,9045039,7610886,9503731,9942756,9505896,11762763,11786293,7010697,6864663,11503294,12240776,9396285,10218403,10866033,6771022,7317646,9938489,8729280,8613953,8506115,9058204,10792362,9467671,7564245,11072740,12483663,12429472,7590587,7850378,8126055,6912286,11494349,6771407,10246431,8702902,7507496,12116442,9900192,9345522,9056160,11714388,7718431,7549929,8302777,8549316,8380778,8431498,9535601,11914612,9181340,6560334,11728005,10423270,9003592,0,8136316,8230869,8377499,8876329,7098697,12093503,11495726,10817404
3,7948511,7857996,1,7998338,6896291,10006468,9795549,10661704,10250039,9857145,8405227,10282845,10779452,12371905,11568340,7739901,10823284,8210538,7228949,11908532,8286084,8269372,6597957,12387852,10196768,9264563,8258987,10246698,9180190,11092060,7321654,11459970,6774141,8506655,11212085,7888227,6695510,9954820,6539747,6478733,6321161,7401804,12233094,8190465,12214557,6908094,12034776,7770270,9411068,9079337,11249787,8573773,7065809,8229282,7683251,7786111,0,11739142,8955505,12160551,8705986,9206338,10881067,10349832,8581473,7928257,10147663,10409532,7088045,7555543
4,8717936,7411044,7998338,1,10555943,9877066,6362003,7273882,7504822,12144593,9546908,10361712,11852696,7807882,6886786,8175624,8287294,10012305,11877543,10599614,6808547,9848475,8122689,10576107,8515675,12271242,8686126,7050376,10107310,10051064,9397269,10295803,10958834,7472787,8669127,9253466,0,7807622,8929883,10760839,9932152,11985389,7763437,10799090,11728580,7849759,9212851,9776009,11554946,8374895,11932387,11216731,12408056,9646181,7320530,10390294,6896041,10530623,11899323,10986285,7978562,11587321,10292126,9356571,8847402,6507270,9386571,10869902,11518266,0
5,6400363,12388088,6896291,10555943,1,7070165,0,8530602,8403838,6542134,8061000,9266650,7264676,9700310,9364334,10357933,8509317,9304488,8181667,9276603,7518368,10301490,8322403,9289648,11246475,11719909,11758691,11784693,9256695,7323724,12324970,6960973,9736062,10656799,11415370,7170428,9718096,10304107,6584612,6388553,7940145,12247756,10417337,9871113,10363500,10616470,7145152,6701815,8707636,6688190,7379595,7814363,8617795,8619199,8169171,7699463,11613716,9042707,7761501,0,10231604,9727198,7129772,6947307,11339339,9902442,11787142,9826704,7886814,6704581
6,8962576,11758551,10006468,9877066,7070165,1,11145341,10321234,8406537,11207471,8088969,10373211,7175072,9831827,7380080,6487654,11850894,7834906,12499931,6482579,7016752,8596863,11891693,7782878,7907982,10082642,6445153,8376247,7185940,11081834,6339586,7081931,7543928,7779590,7717861,8378165,9545627,0,8549319,7485151,8816604,9137042,9127071,7813244,12093592,10238942,9757652,7450312,12389256,8508417,11566414,12266093,10582001,8908315,9161504,11318189,8165620,10209299,8086157,7222126,7848089,7368251,11382267,7894776,12170160,9607651,11987617,7292722,10843737,10164777
7,6592627,8848728,9795549,6362003,0,11145341,1,12480048,7325888,10397620,7467315,8840403,12456382,8963059,11377318,9020427,9601779,12305116,10412352,8297768,10878231,10666669,12356164,11292562,10717565,10331461,11198145,9149229,11347794,8779703,11425449,11925901,10539127,10704855,7838129,0,8010996,11860181,7959659,11264260,0,8953617,6601294,8773093,9847776,11611589,11666368,7734365,6352802,7907777,8010024,10377164,10549402,10560946,11005312,10587319,10433992,8215461,9782678,11827070,6770713,9260507,6969168,6352158,9765890,7807204,10712686,11334428,10051218,7855303
8,8328472,9045039,10661704,7273882,8530602,10321234,12480048,1,9242550,8318311,7935007,7282379,8049176,7781918,8401291,7660406,6299903,7105522,11305961,8777863,12346492,8449783,9971070,8804206,10055659,8747015,10808648,12014596,11782360,8614473,10082132,9455319,10536291,7507742,6250005,7016372,12032797,11562867,12136431,6950064,12294571,8978490,10722555,6481886,9430410,8834139,8989335,11814087,10021491,6757714,6608017,10819092,10970939,6903916,10584281,9775183,8947740,8953678,0,9925363,8943072,6780928,12335852,9842390,7489369,10498425,7960184,11185022,10062794,11518628
9,11213847,7610886,10250039,7504822,8403838,8406537,7325888,9242550,1,6402219,0,11947574,8541846,9188904,9633534,8703405,8022492,6933907,9798768,7734743,11679196,11963643,11312433,10029609,11176555,8213868,11528593,11868837,11573993,6745830,6940936,9806799,11873940,8598884,12031663,11787281,11790641,9909918,6414402,12277116,10495702,10383204,10214812,6483596,7801870,7417381,8674024,9931845,6711048,10496426,12221874,8479110,7521418,7979347,11247317,8374646,7576055,11440515,7530220,9901867,9546363,8685687,12303652,11022019,7377504,10610764,8445295,7621180,7886927,7371490
10,9441037,9503731,9857145,12144593,6542134,11207471,10397620,8318311,6402219,1,10273909,6255724,11824766,11601792,0,11313799,7920454,10306365,12352400,8625279,6602672,7733864,12410189,8760481,10282462,10209671,8909062,8296540,8496504,8154574,0,7310109,7878409,11590952,8407033,10647064,10646788,12230333,11362866,6764860,10649193,9081204,9099620,6668106,9947333,12391954,11678024,6567849,11926585,6685014,6263810,7747163,7763866,12008677,10881339,7432016,11571779,11953178,7180559,7733632,7465552,10002167,12221867,6309033,9841960,6603955,6904708,10358025,7887341,10123732
11,8142999,9942756,8405227,9546908,8061000,8088969,7467315,7935007,0,10273909,1,6341401,7773109,6759821,12350188,6818994,7638301,8004908,10853602,7013028,12208090,9769271,9986181,9870398,10043072,7545186,10691957,11489170,8687910,6287110,11444403,6731415,9122537,9595098,7049457,12274192,10424145,11954611,9516430,10353258,10761491,7054682,9942057,9717886,9241069,7422463,6339552,9572926,11624339,12497361,7122245,11348759,10850162,9287087,11563613,6575689,6577188,11717855,7203816,8422066,11605492,0,10290686,8071692,9723623,9357480,11682714,12044012,10991233,6296094
12,8012062,9505896,10282845,10361712,9266650,10373211,8840403,7282379,11947574,6255724,6341401,1,7754693,9147881,10979236,6697152,10768153,11605201,9082223,8177069,9546950,9179783,7051426,8072365,11701886,10208482,6441474,9257640,7583266,9480311,12318814,9047138,10843779,11823822,10175851,10295021,10018647,6627187,6655871,9543773,0,9892599,7190017,9155423,10592149,6788589,6994668,7601970,6376779,7779876,8638436,9671603,11592343,11657392,12436340,11573880,10479089,7742007,10743284,12072389,8725826,9546648,12063059,9227332,7205622,7902786,10232914,8339367,12378074,10370453
13,11526916,11762763,10779452,11852696,7264676,7175072,12456382,8049176,8541846,11824766,7773109,7754693,1,9257599,10353855,10412088,9510445,6939619,9823252,6655083,9931642,10987660,9543471,8820224,11525834,10333195,6823609,11685822,8552861,11587792,11606848,9569550,9079956,8596892,6818161,11464719,9406986,6714372,7951932,6376978,6768530,6961980,9644439,11644623,0,11469280,8262656,7770667,10854729,10170182,11528805,7222620,11002257,10514468,10339238,10376203,0,11554677,8684150,11051919,6441776,7524351,7357694,9526313,7938282,7249466,11347409,11956115,7966042,6746582
14,10301676,11786293,12371905,7807882,9700310,9831827,8963059,7781918,9188904,11601792,6759821,9147881,9257599,1,11739118,12341265,9470964,11425621,6577586,7719438,7273918,12285290,8346212,12493169,9493202,10616193,8755814,11031854,9819130,9924678,6577309,10159467,8826309,10133299,6905275,9799259,9803726,10341898,9779664,7568862,8081638,11836577,7482341,10115160,6655730,12095371,7271792,8139507,11753302,9191923,11994580,11906363,7107424,11493004,11681699,7439485,8609747,9072167,12101627,9134532,6372530,8585816,10897499,10740404,12304083,8716176,9488270,9826015,10758879,9402319
15,10972086,7010697,11568340,6886786,9364334,7380080,11377318,8401291,9633534,0,12350188,10979236,10353855,11739118,1,9890850,7531984,6750240,10753350,11649469,11522737,9302439,10175612,11856673,9053595,7566113,10701633,11401588,6814372,9233962,8754896,11101746,6430884,8584060,9502748,0,9394781,8845003,8445871,7171953,6439011,7661212,11935921,8474587,10356331,10728369,10818986,7844367,10296869,11558575,11672913,9971508,11437504,8742527,6600625,7589133,10308954,8710600,0,12131901,9194588,7971122,10958720,10537951,12188284,10864400,6455661,8991373,9345320,7699368
16,6970524,6864663,7739901,8175624,10357933,6487654,9020427,7660406,8703405,11313799,6818994,6697152,10412088,12341265,9890850,1,12394602,10215643,10184047,9917500,9134585,8994000,12319041,10254068,10943930,0,8782065,0,11597217,12093635,8435943,7268458,11276045,8751076,10068661,6949199,10927279,7981028,10503019,0,10387805,7695399,10663014,8647327,11061204,0,9259023,7450715,12073313,10588310,12274118,8635069,8654973,8154467,6300529,11523556,10559496,12259508,11420249,0,12250341,8485480,12151695,7279412,11016297,10035004,7050017,7330450,8889890,9952349
17,7663873,11503294,10823284,8287294,8509317,11850894,9601779,6299903,8022492,7920454,7638301,10768153,9510445,9470964,7531984,12394602,1,7037259,8258972,6765628,8512984,11749381,6776110,12370070,7899654,7449137,10534654,12342803,7217546,11912109,7002975,7930682,10198931,11073891,9023174,8354404,8203447,11364498,10467488,11475512,7900230,12185720,12355161,12345459,9118005,8181415,8373596,8203991,6871347,11990596,11897640,10773307,8784764,7705424,6294278,8663256,8374565,11336028,10811758,8245488,12381119,10568408,7037112,9411435,7681724,9066969,8778190,8730154,9052713,7980768
18,7595315,12240776,8210538,10012305,9304488,7834906,12305116,7105522,6933907,10306365,8004908,11605201,6939619,11425621,6750240,10215643,7037259,1,12079605,10763473,11864102,10616300,7645284,6745626,6649573,10699603,12258802,6914699,7009012,6533248,12192644,6943723,8130533,7421525,12249966,10133848,10372251,8925898,12041033,12181110,10197038,7377482,7997900,9614309,0,6332035,7712013,9982054,12202857,6311947,11733394,6402838,9002428,8976911,7906731,10127113,8100720,9013908,10912127,11197869,11954981,9921319,11222765,6691808,10686600,9659350,10143213,11784732,8409011,11949662
19,10272441,9396285,7228949,11877543,8181667,12499931,10412352,11305961,9798768,12352400,10853602,9082223,9823252,6577586,10753350,10184047,8258972,12079605,1,10120755,9994887,11379394,8555853,7452991,10108742,6591895,6378194,6998946,9318098,10789259,10726241,6441461,7592148,9861584,8611048,6584808,11678583,12405109,7523920,10962531,12417426,7569115,11949852,6627878,6501628,6778657,11292784,10006267,10384652,10617499,6685777,9474061,7972247,9909387,7208860,10196051,9999376,8806851,7453849,9392143,6606972,6920190,10397972,9026025,11116848,7571527,10845561,10800950,0,0
20,9855189,10218403,11908532,10599614,9276603,6482579,8297768,8777863,7734743,8625279,7013028,8177069,6655083,7719438,11649469,9917500,6765628,10763473,10120755,1,8238747,9151182,9549338,0,7002708,6539013,11546053,7615954,9009802,8948038,7028202,7200085,11860407,8177400,8723670,9561504,9079969,7869870,6410882,6692750,10434154,8088487,10936058,11744637,9263461,10555691,9991948,7442471,11779609,9071352,8875344,7820586,12238527,7601267,0,11853912,12134679,9327818,10840063,6679624,10122893,9534913,8777892,8415219,10723702,7900964,10189390,11371298,10188461,7099800
21,6836552,10866033,8286084,6808547,7518368,7016752,10878231,12346492,11679196,6602672,12208090,9546950,9931642,7273918,11522737,9134585,8512984,11864102,9994887,8238747,1,10100848,7667602,10710562,8273243,8788080,0,10762426,7444825,6572025,10145436,7127957,7000501,11889434,7677585,11130960,6738256,6287702,8510545,9680780,10255823,12037139,7818974,9640819,8711129,8090509,9321025,11469832,12171345,6711902,12266142,10307613,10942359,8173587,7965754,10001093,10467707,7482101,11977913,8648499,8429749,6539053,9651768,10838996,10233590,8810611,7694658,9963446,9753706,11867341
22,10242746,6771022,8269372,9848475,10301490,8596863,10666669,8449783,11963643,7733864,9769271,9179783,10987660,12285290,9302439,8994000,11749381,10616300,11379394,9151182,10100848,1,11444666,9034643,8633241,11802605,8099522,8014364,11677644,7178293,11223574,9163390,6449506,6781373,7707456,7053360,8367938,6392245,10032116,9067905,8196698,8230344,9859712,11342052,9935810,11236296,11007258,11669045,10384722,9669250,12135869,11307032,9094788,6418328,11848211,6899630,11869215,11943669,9381229,9816604,9060205,7717698,6690772,8418208,8871091,8123255,11772746,11202540,11256090,7460242
23,12005350,7317646,6597957,8122689,8322403,11891693,12356164,9971070,11312433,12410189,9986181,7051426,9543471,8346212,10175612,12319041,6776110,7645284,8555853,9549338,7667602,11444666,1,10978482,9072609,10338474,0,7775345,11192049,7499156,0,10545146,11966127,7216554,12175408,8035309,7708194,8348368,7226350,11222956,12068995,8734276,11681743,11275950,11887504,8286025,6577884,9436937,9610332,9010719,7575198,12433771,9763100,7668649,6983417,10599562,11655993,9773007,8467280,8034914,11003083,7193111,7882557,12129042,6689384,8530885,11860113,8367495,12134745,12409047
24,10719203,9938489,12387852,10576107,9289648,7782878,11292562,8804206,10029609,8760481,9870398,8072365,8820224,12493169,11856673,10254068,12370070,6745626,7452991,0,10710562,9034643,10978482,1,7601203,9101692,10661612,9477924,10608923,6684038,12366009,9417203,12185407,11390424,11340506,11369327,11195244,6708615,7353212,7949271,11153783,9921096,7797715,7824399,9598696,10020659,6572961,10608357,12035037,10566048,11456616,11207058,10551290,11540085,9907278,9881369,6793713,9985280,6703087,8661228,10088985,12341733,8052821,10203087,8816801,7044506,6862375,6875917,11299642,9970590
25,10511548,8729280,10196768,8515675,11246475,7907982,10717565,10055659,11176555,10282462,10043072,11701886,11525834,9493202,9053595,10943930,7899654,6649573,10108742,7002708,8273243,8633241,9072609,7601203,1,6546378,7889025,8588823,7367690,10145056,12098924,8170318,9249939,8898943,9537038,6298369,9035698,7524377,9337143,7486983,10359216,8951933,7888794,8859886,11232704,7922988,6343693,9134163,7717886,8072850,9981598,8953672,8161104,7588977,11175850,9199598,6824826,7804961,7501125,9196640,10455453,11840591,11990516,11504072,7267752,10557007,6957776,10918909,11286416,12395770
26,12274024,8613953,9264563,12271242,11719909,10082642,10331461,8747015,8213868,10209671,7545186,10208482,10333195,10616193,7566113,0,7449137,10699603,6591895,6539013,8788080,11802605,10338474,9101692,6546378,1,11674208,6317123,11667685,7592617,10274068,6607606,9604279,6604529,10580738,11037649,11461056,11310378,6802254,12402338,6461796,8435815,9887411,11963698,10368417,12483883,7548542,10448736,8941449,11591536,7934840,9385828,6336983,12125380,12032911,11864110,8564126,12148972,10524111,12314998,10383663,6694504,7324997,9812279,8148067,6261960,10800541,6871361,11403840,6471460
27,8264554,8506115,8258987,8686126,11758691,6445153,11198145,10808648,11528593,8909062,10691957,6441474,6823609,8755814,10701633,8782065,10534654,12258802,6378194,11546053,0,8099522,0,10661612,7889025,11674208,1,7847410,6929186,10637371,10812446,11058275,11094140,6785408,9906331,6960741,12426478,9195691,10494924,10962231,7338071,7724009,7924838,8509019,9319824,6520241,9925854,0,7272703,7475194,8719329,10543465,8458500,9852132,9522675,9002532,11625243,7447143,10995158,10240836,6260966,7869497,7359901,6779072,7557400,7642159,9352814,8510224,7540781,9800131
28,10656521,9058204,10246698,7050376,11784693,8376247,9149229,12014596,11868837,8296540,11489170,9257640,11685822,11031854,11401588,0,12342803,6914699,6998946,7615954,10762426,8014364,7775345,9477924,8588823,6317123,7847410,1,10643608,7318684,9939605,8594022,10622492,8530357,9733255,11779329,12366843,7579569,10846343,9621776,0,11148738,10634050,10670112,6953123,11429053,7698328,7296559,7485666,11492273,12477254,10441566,6808089,9782653,7071787,11124017,0,11048496,7854629,11029932,12230093,7311184,9655613,11144724,11044700,12216033,6961976,12496307,7818829,8246643
29,12162915,10792362,9180190,10107310,9256695,7185940,11347794,11782360,11573993,8496504,8687910,7583266,8552861,9819130,6814372,11597217,7217546,7009012,9318098,9009802,7444825,11677644,11192049,10608923,7367690,11667685,6929186,10643608,1,11517125,11393228,9014907,10590229,6776510,8758872,7707527,6509826,10195023,0,8524896,7456778,7650747,7740305,10271555,9997158,8749315,11782094,10774849,6774097,6272246,10570765,0,10089170,7663405,11100095,7894526,8708740,9158201,8146159,0,12461978,9435222,11909816,11772958,11843030,6562421,7620411,12034357,7140644,9798453
30,9170376,9467671,11092060,10051064,7323724,11081834,8779703,8614473,6745830,8154574,6287110,9480311,11587792,9924678,9233962,12093635,11912109,6533248,10789259,8948038,6572025,7178293,7499156,6684038,10145056,7592617,10637371,7318684,11517125,1,9427281,6672481,8563328,9336599,6293617,7404173,10746073,7144802,11324840,12429905,9084440,9306718,7103231,8377919,11078180,9845091,11946628,11024297,7262873,7639466,9873605,12217286,8600976,7175837,10272356,6276354,7321632,11705652,10345150,6372594,6424953,12018507,8802562,6385793,9030852,9395000,8843083,11011557,11522171,8571901
31,8981513,7564245,7321654,9397269,12324970,6339586,11425449,10082132,6940936,0,11444403,12318814,11606848,6577309,8754896,8435943,7002975,12192644,10726241,7028202,10145436,11223574,0,12366009,12098924,10274068,10812446,9939605,11393228,9427281,1,8377159,11494219,9258896,12006806,8257554,6571693,11070289,10852967,11431675,9720746,8666728,8341619,0,10146684,11005807,11339570,12478021,8123316,10729451,7843278,12452446,11152506,0,7367090,10540571,9614786,9270689,7515955,9128439,11942632,10842380,9664490,9963747,8070105,6740011,7619067,0,9928082,10462847
32,10445206,11072740,11459970,10295803,6960973,7081931,11925901,9455319,9806799,7310109,6731415,9047138,9569550,10159467,11101746,7268458,7930682,6943723,6441461,7200085,7127957,9163390,10545146,9417203,8170318,6607606,11058275,8594022,9014907,6672481,8377159,1,6512110,9866854,9143153,7009706,8786549,12162561,10445419,12312680,11405882,0,12018819,11181537,6934119,7439023,10867213,9966841,10881305,9911028,6569791,6540392,10936155,10619721,6682481,11009417,6308620,6351328,8796598,8479205,8312776,10535334,8753707,7720560,10358959,9881381,7082375,11858770,10554139,11255215
33,9477546,12483663,6774141,10958834,9736062,7543928,10539127,10536291,11873940,7878409,9122537,10843779,9079956,8826309,6430884,11276045,10198931,8130533,7592148,11860407,7000501,6449506,11966127,12185407,9249939,9604279,11094140,10622492,10590229,8563328,11494219,6512110,1,0,9654676,10988517,0,9044909,9769706,6608197,6463607,9444400,6430618,7753984,10401561,9257432,6931824,7697410,8262449,10239263,9747400,9456478,10065226,6872582,9584095,10324204,12236001,9296656,9627865,8178523,6552359,11424372,6371541,8431819,11032710,11686919,0,11559802,10532559,6820195
34,11162288,12429472,8506655,7472787,10656799,7779590,10704855,7507742,8598884,11590952,9595098,11823822,8596892,10133299,8584060,8751076,11073891,7421525,9861584,8177400,11889434,6781373,7216554,11390424,8898943,6604529,6785408,8530357,6776510,9336599,9258896,9866854,0,1,8969591,12128560,7013717,8499857,9040892,8134718,7778318,10503796,9096043,6523194,10021784,9417155,7793864,10697853,9732309,12120607,7243735,11911792,7900675,8194876,8681238,6692338,9694653,6477792,11153335,6620317,6646726,11406777,9749178,10751813,8037703,11768666,11416895,10088672,8202815,9305411
35,7947011,7590587,11212085,8669127,11415370,7717861,7838129,6250005,12031663,8407033,7049457,10175851,6818161,6905275,9502748,10068661,9023174,12249966,8611048,8723670,7677585,7707456,12175408,11340506,9537038,10580738,9906331,9733255,8758872,6293617,12006806,9143153,9654676,8969591,1,7554013,11571351,7390851,7431186,9541822,9278077,12341588,10532876,6993630,10760470,11989047,6782057,6475319,10687973,7817017,7534312,9827870,8861480,9828121,8102189,10215817,6549016,6479864,9840060,8931358,11236811,8146629,9868477,9565711,10504073,9922606,10587391,7674024,10608592,10683739
36,8424705,7850378,7888227,9253466,7170428,8378165,0,7016372,11787281,10647064,12274192,10295021,11464719,9799259,0,6949199,8354404,10133848,6584808,9561504,11130960,7053360,8035309,11369327,6298369,11037649,6960741,11779329,7707527,7404173,8257554,7009706,10988517,12128560,7554013,1,6694088,8550222,6937320,11745978,6620596,9814135,11083374,7723946,8999527,6961010,11177214,12433555,10046331,12465710,10062999,7300392,11244055,9740001,7166316,10555386,8206357,9416140,6618585,7434280,11257875,6453556,8783108,11527065,7211728,11469006,12451704,9476209,9686817,11917497
37,7538187,8126055,6695510,0,9718096,9545627,8010996,12032797,11790641,10646788,10424145,10018647,9406986,9803726,9394781,10927279,8203447,10372251,11678583,9079969,6738256,8367938,7708194,11195244,9035698,11461056,12426478,12366843,6509826,10746073,6571693,8786549,0,7013717,11571351,6694088,1,8159361,8160695,11728222,9514073,7032554,9375141,11584985,8042853,10301835,8015552,8194343,9204605,10775265,6870434,8559012,10172846,6396441,10310338,8947501,7498699,9378938,7868084,8838563,10503749,10879625,7460407,8576533,8621289,6501435,10781428,10840571,7058829,0
38,9578799,6912286,9954820,7807622,10304107,0,11860181,11562867,9909918,12230333,11954611,6627187,6714372,10341898,8845003,7981028,11364498,8925898,12405109,7869870,6287702,6392245,8348368,6708615,7524377,11310378,9195691,7579569,10195023,7144802,11070289,12162561,9044909,8499857,7390851,8550222,8159361,1,9216663,10477502,7732417,11927761,12031921,9570513,9245756,11758585,9626650,9661732,7323568,10799304,6513582,10588629,10253928,12418760,11366293,10854996,9540094,8919914,9770008,8691582,7107294,6373200,8517691,10089531,7180673,7981651,7248388,11083549,11463271,7025778
39,9721657,11494349,6539747,8929883,6584612,8549319,7959659,12136431,6414402,11362866,9516430,6655871,7951932,9779664,8445871,10503019,10467488,12041033,7523920,6410882,8510545,10032116,7226350,7353212,9337143,6802254,10494924,10846343,0,11324840,10852967,10445419,9769706,9040892,7431186,6937320,8160695,9216663,1,7284367,7749886,8832090,7995762,7339997,9976364,11899050,9838647,7358015,0,12472821,9330047,10856092,8407140,11903614,8073634,8141504,6663092,8808621,8962247,7019770,0,11472903,9081784,9789889,9930483,8020542,12182955,7526877,10672043,12414129
40,7160235,6771407,6478733,10760839,6388553,7485151,11264260,6950064,12277116,6764860,10353258,9543773,6376978,7568862,7171953,0,11475512,12181110,10962531,6692750,9680780,9067905,11222956,7949271,7486983,12402338,10962231,9621776,8524896,12429905,11431675,12312680,6608197,8134718,9541822,11745978,11728222,10477502,7284367,1,8651729,6722774,10767424,8796553,12405439,12205738,9617460,9646963,9850697,10818091,6525612,11298043,7558688,0,11020838,9235263,8639503,10841710,9140249,11454584,11247134,10511801,11838815,6518788,12275583,12067791,6522064,9131896,10603822,6652097
41,12467222,10246431,6321161,9932152,7940145,8816604,0,12294571,10495702,10649193,10761491,0,6768530,8081638,6439011,10387805,7900230,10197038,12417426,10434154,10255823,8196698,12068995,11153783,10359216,6461796,7338071,0,7456778,9084440,9720746,11405882,6463607,7778318,9278077,6620596,9514073,7732417,7749886,8651729,1,12025466,0,6720726,7914305,9933811,8257397,10596301,10450840,9463722,10684495,6446136,11236665,9466040,10131322,10432901,7273596,12222747,8581461,6516959,10748597,8614947,11923395,8003242,10706218,9947989,0,7533489,10100810,0
42,10561003,8702902,7401804,11985389,12247756,9137042,8953617,8978490,10383204,9081204,7054682,9892599,6961980,11836577,7661212,7695399,12185720,7377482,7569115,8088487,12037139,8230344,8734276,9921096,8951933,8435815,7724009,11148738,7650747,9306718,8666728,0,9444400,10503796,12341588,9814135,7032554,11927761,8832090,6722774,12025466,1,9140735,11329230,9953402,10767920,11483551,7646182,8514300,9763866,9535218,7567865,10183732,7461730,12019122,10819665,10286111,7503854,8110117,9938769,9161548,8284050,6376621,10566911,7764812,12084378,8730624,12112302,10312695,12141285
43,7033422,7507496,12233094,7763437,10417337,9127071,6601294,10722555,10214812,9099620,9942057,7190017,9644439,7482341,11935921,10663014,12355161,7997900,11949852,10936058,7818974,9859712,11681743,7797715,7888794,9887411,7924838,10634050,7740305,7103231,8341619,12018819,6430618,9096043,10532876,11083374,9375141,12031921,7995762,10767424,0,9140735,1,9566768,0,12381365,6516134,10562907,7256511,9154999,8554872,7719471,6378032,8276810,9596725,8479544,9271316,12020684,10683341,7251162,6746989,9394110,11224048,6763448,9936984,8683957,6941377,11912343,7310850,7094414
44,0,12116442,8190465,10799090,9871113,7813244,8773093,6481886,6483596,6668106,9717886,9155423,11644623,10115160,8474587,8647327,12345459,9614309,6627878,11744637,9640819,11342052,11275950,7824399,8859886,11963698,8509019,10670112,10271555,8377919,0,11181537,7753984,6523194,6993630,7723946,11584985,9570513,7339997,8796553,6720726,11329230,9566768,1,0,6275087,8225298,8836923,6830099,6697051,8922816,8673641,9049335,11286091,12409095,8766286,10784005,9741412,12085115,11461190,12297012,7331514,12226909,10900645,7154803,11122733,9935386,12480310,10083261,8193033
45,11410411,9900192,12214557,11728580,10363500,12093592,9847776,9430410,7801870,9947333,9241069,10592149,0,6655730,10356331,11061204,9118005,0,6501628,9263461,8711129,9935810,11887504,9598696,11232704,10368417,9319824,6953123,9997158,11078180,10146684,6934119,10401561,10021784,10760470,8999527,8042853,9245756,9976364,12405439,7914305,9953402,0,0,1,11155375,9219811,11525552,11460607,10128239,7740606,10791632,7713252,11514517,11984447,11331299,7883089,8981336,11993887,9518745,12181798,6811143,7770892,11902845,11146918,9375090,6335197,6926413,7074840,6889347
46,8780163,9345522,6908094,7849759,10616470,10238942,11611589,8834139,7417381,12391954,7422463,6788589,11469280,12095371,10728369,0,8181415,6332035,6778657,10555691,8090509,11236296,8286025,10020659,7922988,12483883,6520241,11429053,8749315,9845091,11005807,7439023,9257432,9417155,11989047,6961010,10301835,11758585,11899050,12205738,9933811,10767920,12381365,6275087,11155375,1,10696532,6827339,7500718,6653700,8969549,10672928,8091264,10833824,9682964,9299477,8957638,8280297,9508240,8920940,10905218,12008278,9014658,7835278,7606264,7404868,8369366,8317455,10749335,8012156
47,6517293,9056160,12034776,9212851,7145152,9757652,11666368,8989335,8674024,11678024,6339552,6994668,8262656,7271792,10818986,9259023,8373596,7712013,11292784,9991948,9321025,11007258,6577884,6572961,6343693,7548542,9925854,7698328,11782094,11946628,11339570,10867213,6931824,7793864,6782057,11177214,8015552,9626650,9838647,9617460,8257397,11483551,6516134,8225298,9219811,10696532,1,6270132,8425424,6605441,8307228,8343840,10587402,7566971,10568134,7937795,9017412,10649880,9576281,10049494,12283822,7250522,11166807,7734365,0,8405827,9426062,6509308,6435982,7876063
48,11711572,11714388,7770270,9776009,6701815,7450312,7734365,11814087,9931845,6567849,9572926,7601970,7770667,8139507,7844367,7450715,8203991,9982054,10006267,7442471,11469832,11669045,9436937,10608357,9134163,10448736,0,7296559,10774849,11024297,12478021,9966841,7697410,10697853,6475319,12433555,8194343,9661732,7358015,9646963,10596301,7646182,10562907,8836923,11525552,6827339,6270132,1,9703313,8613232,7570512,8301127,8129917,6328764,11748059,9312080,10262308,10100408,11600561,0,11711528,10422589,10534844,9427949,9167470,6853496,11110616,7598334,10190106,6392288
49,8391105,7718431,9411068,11554946,8707636,12389256,6352802,10021491,6711048,11926585,11624339,6376779,10854729,11753302,10296869,12073313,6871347,12202857,10384652,11779609,12171345,10384722,9610332,12035037,7717886,8941449,7272703,7485666,6774097,7262873,8123316,10881305,8262449,9732309,10687973,10046331,9204605,7323568,0,9850697,10450840,8514300,7256511,6830099,11460607,7500718,8425424,9703313,1,11735266,7449057,10709965,7459136,12414466,6806456,7166422,8739212,10913623,10206942,9907404,6925588,8740740,7812693,10916730,12151357,8495750,9358348,6776096,10812452,9377947
50,11985089,7549929,9079337,8374895,6688190,8508417,7907777,6757714,10496426,6685014,12497361,7779876,10170182,9191923,11558575,10588310,11990596,6311947,10617499,9071352,6711902,9669250,9010719,10566048,8072850,11591536,7475194,11492273,6272246,7639466,10729451,9911028,10239263,12120607,7817017,12465710,10775265,10799304,12472821,10818091,9463722,9763866,9154999,6697051,10128239,6653700,6605441,8613232,11735266,1,12056419,10370785,12358569,11963438,9290003,9865609,7437508,7143338,8497427,12289078,6572865,7340019,12153801,8359558,11016731,9018160,7215756,10163277,11944126,10716096
51,11953540,8302777,11249787,11932387,7379595,11566414,8010024,6608017,12221874,6263810,7122245,8638436,11528805,11994580,11672913,12274118,11897640,11733394,6685777,8875344,12266142,12135869,7575198,11456616,9981598,7934840,8719329,12477254,10570765,9873605,7843278,6569791,9747400,7243735,7534312,10062999,6870434,6513582,9330047,6525612,10684495,9535218,8554872,8922816,7740606,8969549,8307228,7570512,7449057,12056419,1,8316254,7659805,7081465,0,7258806,8677892,6947145,8996734,11903769,8674096,6833200,10272094,11596432,12200371,11393973,11041845,9026969,10217532,6610977
52,10125864,8549316,8573773,11216731,7814363,12266093,10377164,10819092,8479110,7747163,11348759,9671603,7222620,11906363,9971508,8635069,10773307,6402838,9474061,7820586,10307613,11307032,12433771,11207058,8953672,9385828,10543465,10441566,0,12217286,12452446,6540392,9456478,11911792,9827870,7300392,8559012,10588629,10856092,11298043,6446136,7567865,7719471,8673641,10791632,10672928,8343840,8301127,10709965,10370785,8316254,1,9843605,0,8834136,10656399,9906766,10691258,9264944,6355436,6543493,7713204,8628589,8232273,9243273,10454230,12290090,6502872,9031235,11499490
53,9449961,8380778,7065809,12408056,8617795,10582001,10549402,10970939,7521418,7763866,10850162,11592343,11002257,7107424,11437504,8654973,8784764,9002428,7972247,12238527,10942359,9094788,9763100,10551290,8161104,6336983,8458500,6808089,10089170,8600976,11152506,10936155,10065226,7900675,8861480,11244055,10172846,10253928,8407140,7558688,11236665,10183732,6378032,9049335,7713252,8091264,10587402,8129917,7459136,12358569,7659805,9843605,1,0,11011227,8079162,7568680,11675891,10637646,11432529,8359304,9577764,9070888,6882910,8998348,8046056,10226638,12250570,9783243,8355497
54,7468814,8431498,8229282,9646181,8619199,8908315,10560946,6903916,7979347,12008677,9287087,11657392,10514468,11493004,8742527,8154467,7705424,8976911,9909387,7601267,8173587,6418328,7668649,11540085,7588977,12125380,9852132,9782653,7663405,7175837,0,10619721,6872582,8194876,9828121,9740001,6396441,12418760,11903614,0,9466040,7461730,8276810,11286091,11514517,10833824,7566971,6328764,12414466,11963438,7081465,0,0,1,7214523,8559774,10698498,9290530,11896696,10417318,6517017,12201607,6329858,10898385,7395344,7090282,8659617,7749411,11769920,7736063
55,12255836,9535601,7683251,7320530,8169171,9161504,11005312,10584281,11247317,10881339,11563613,12436340,10339238,11681699,6600625,6300529,6294278,7906731,7208860,0,7965754,11848211,6983417,9907278,11175850,12032911,9522675,7071787,11100095,10272356,7367090,6682481,9584095,8681238,8102189,7166316,10310338,11366293,8073634,11020838,10131322,12019122,9596725,12409095,11984447,9682964,10568134,11748059,6806456,9290003,0,8834136,11011227,7214523,1,12217001,7940989,8647783,9433085,12290325,9860814,10226696,7668728,11233932,11966644,11936251,12190488,8135650,6412406,11419778
56,9771663,11914612,7786111,10390294,7699463,11318189,10587319,9775183,8374646,7432016,6575689,11573880,10376203,7439485,7589133,11523556,8663256,10127113,10196051,11853912,10001093,6899630,10599562,9881369,9199598,11864110,9002532,11124017,7894526,6276354,10540571,11009417,10324204,6692338,10215817,10555386,8947501,10854996,8141504,9235263,10432901,10819665,8479544,8766286,11331299,9299477,7937795,9312080,7166422,9865609,7258806,10656399,8079162,8559774,12217001,1,6802314,10697481,8773557,10193822,10401770,8882256,7942228,7278156,7369271,9785721,11675128,8993727,10001844,11873151
57,9078717,9181340,0,6896041,11613716,8165620,10433992,8947740,7576055,11571779,6577188,10479089,0,8609747,10308954,10559496,8374565,8100720,9999376,12134679,10467707,11869215,11655993,6793713,6824826,8564126,11625243,0,8708740,7321632,9614786,6308620,12236001,9694653,6549016,8206357,7498699,9540094,6663092,8639503,7273596,10286111,9271316,10784005,7883089,8957638,9017412,10262308,8739212,7437508,8677892,9906766,7568680,10698498,7940989,6802314,1,7174892,9939745,11133774,12204872,11533785,10741252,11304381,10638135,10673801,11539199,7371246,10343170,8093639
58,9391894,6560334,11739142,10530623,9042707,10209299,8215461,8953678,11440515,11953178,11717855,7742007,11554677,9072167,8710600,12259508,11336028,9013908,8806851,9327818,7482101,11943669,9773007,9985280,7804961,12148972,7447143,11048496,9158201,11705652,9270689,6351328,9296656,6477792,6479864,9416140,9378938,8919914,8808621,10841710,12222747,7503854,12020684,9741412,8981336,8280297,10649880,10100408,10913623,7143338,6947145,10691258,11675891,9290530,8647783,10697481,7174892,1,11724136,0,11878131,6621581,11030785,12386179,8844438,10823280,11280198,8884919,11537269,12104082
59,11886681,11728005,8955505,11899323,7761501,8086157,9782678,0,7530220,7180559,7203816,10743284,8684150,12101627,0,11420249,10811758,10912127,7453849,10840063,11977913,9381229,8467280,6703087,7501125,10524111,10995158,7854629,8146159,10345150,7515955,8796598,9627865,11153335,9840060,6618585,7868084,9770008,8962247,9140249,8581461,8110117,10683341,12085115,11993887,9508240,9576281,11600561,10206942,8497427,8996734,9264944,10637646,11896696,9433085,8773557,9939745,11724136,1,12378280,9879992,7722109,7496581,11147890,6300842,8058006,9030856,8061412,11517095,8097359
60,11600866,10423270,12160551,10986285,0,7222126,11827070,9925363,9901867,7733632,8422066,12072389,11051919,9134532,12131901,0,8245488,11197869,9392143,6679624,8648499,9816604,8034914,8661228,9196640,12314998,10240836,11029932,0,6372594,9128439,8479205,8178523,6620317,8931358,7434280,8838563,8691582,7019770,11454584,6516959,9938769,7251162,11461190,9518745,8920940,10049494,0,9907404,12289078,11903769,6355436,11432529,10417318,12290325,10193822,11133774,0,12378280,1,12102352,11090078,11684866,9325570,10309491,7832005,10616033,11102385,8426721,7087640
61,7529368,9003592,8705986,7978562,10231604,7848089,6770713,8943072,9546363,7465552,11605492,8725826,6441776,6372530,9194588,12250341,12381119,11954981,6606972,10122893,8429749,9060205,11003083,10088985,10455453,10383663,6260966,12230093,12461978,6424953,11942632,8312776,6552359,6646726,11236811,11257875,10503749,7107294,0,11247134,10748597,9161548,6746989,12297012,12181798,10905218,12283822,11711528,6925588,6572865,8674096,6543493,8359304,6517017,9860814,10401770,12204872,11878131,9879992,12102352,1,8770213,6861848,11594227,11578619,11994177,10961405,7135888,6467138,9746861
62,6545065,0,9206338,11587321,9727198,7368251,9260507,6780928,8685687,10002167,0,9546648,7524351,8585816,7971122,8485480,10568408,9921319,6920190,9534913,6539053,7717698,7193111,12341733,11840591,6694504,7869497,7311184,9435222,12018507,10842380,10535334,11424372,11406777,8146629,6453556,10879625,6373200,11472903,10511801,8614947,8284050,9394110,7331514,6811143,12008278,7250522,10422589,8740740,7340019,6833200,7713204,9577764,12201607,10226696,8882256,11533785,6621581,7722109,11090078,8770213,1,6871640,7607486,10862490,7896979,7345352,7933515,12018790,10430979
63,9898683,8136316,10881067,10292126,7129772,11382267,6969168,12335852,12303652,12221867,10290686,12063059,7357694,10897499,10958720,12151695,7037112,11222765,10397972,8777892,9651768,6690772,7882557,8052821,11990516,7324997,7359901,9655613,11909816,8802562,9664490,8753707,6371541,9749178,9868477,8783108,7460407,8517691,9081784,11838815,11923395,6376621,11224048,12226909,7770892,9014658,11166807,10534844,7812693,12153801,10272094,8628589,9070888,6329858,7668728,7942228,10741252,11030785,7496581,11684866,6861848,6871640,1,8351775,10082810,7346030,8545607,7857840,0,11746585
64,9087857,8230869,10349832,9356571,6947307,7894776,6352158,9842390,11022019,6309033,8071692,9227332,9526313,10740404,10537951,7279412,9411435,6691808,9026025,8415219,10838996,8418208,12129042,10203087,11504072,9812279,6779072,11144724,11772958,6385793,9963747,7720560,8431819,10751813,9565711,11527065,8576533,10089531,9789889,6518788,8003242,10566911,6763448,10900645,11902845,7835278,7734365,9427949,10916730,8359558,11596432,8232273,6882910,10898385,11233932,7278156,11304381,12386179,11147890,9325570,11594227,7607486,8351775,1,8872396,6648833,12375854,6807204,8995744,6828820
65,9636850,8377499,8581473,8847402,11339339,12170160,9765890,7489369,7377504,9841960,9723623,7205622,7938282,12304083,12188284,11016297,7681724,10686600,11116848,10723702,10233590,8871091,6689384,8816801,7267752,8148067,7557400,11044700,11843030,9030852,8070105,10358959,11032710,8037703,10504073,7211728,8621289,7180673,9930483,12275583,10706218,7764812,9936984,7154803,11146918,7606264,0,9167470,12151357,11016731,12200371,9243273,8998348,7395344,11966644,7369271,10638135,8844438,6300842,10309491,11578619,10862490,10082810,8872396,1,7026981,0,9628620,9757503,7604261
66,10155255,8876329,7928257,6507270,9902442,9607651,7807204,10498425,10610764,6603955,9357480,7902786,7249466,8716176,10864400,10035004,9066969,9659350,7571527,7900964,8810611,8123255,8530885,7044506,10557007,6261960,7642159,12216033,6562421,9395000,6740011,9881381,11686919,11768666,9922606,11469006,6501435,7981651,8020542,12067791,9947989,12084378,8683957,11122733,9375090,7404868,8405827,6853496,8495750,9018160,11393973,10454230,8046056,7090282,11936251,9785721,10673801,10823280,8058006,7832005,11994177,7896979,7346030,6648833,7026981,1,6632075,9531583,9092109,6716308
67,8698557,7098697,10147663,9386571,11787142,11987617,10712686,7960184,8445295,6904708,11682714,10232914,11347409,9488270,6455661,7050017,8778190,10143213,10845561,10189390,7694658,11772746,11860113,6862375,6957776,10800541,9352814,6961976,7620411,8843083,7619067,7082375,0,11416895,10587391,12451704,10781428,7248388,12182955,6522064,0,8730624,6941377,9935386,6335197,8369366,9426062,11110616,9358348,7215756,11041845,12290090,10226638,8659617,12190488,11675128,11539199,11280198,9030856,10616033,10961405,7345352,8545607,12375854,0,6632075,1,11120746,7674708,8975270
68,11671115,12093503,10409532,10869902,9826704,7292722,11334428,11185022,7621180,10358025,12044012,8339367,11956115,9826015,8991373,7330450,8730154,11784732,10800950,11371298,9963446,11202540,8367495,6875917,10918909,6871361,8510224,12496307,12034357,11011557,0,11858770,11559802,10088672,7674024,9476209,10840571,11083549,7526877,9131896,7533489,12112302,11912343,12480310,6926413,8317455,6509308,7598334,6776096,10163277,9026969,6502872,12250570,7749411,8135650,8993727,7371246,8884919,8061412,11102385,7135888,7933515,7857840,6807204,9628620,9531583,11120746,1,10671216,10453754
69,10736087,11495726,7088045,11518266,7886814,10843737,10051218,10062794,7886927,7887341,10991233,12378074,7966042,10758879,9345320,8889890,9052713,8409011,0,10188461,9753706,11256090,12134745,11299642,11286416,11403840,7540781,7818829,7140644,11522171,9928082,10554139,10532559,8202815,10608592,9686817,7058829,11463271,10672043,10603822,10100810,10312695,7310850,10083261,7074840,10749335,6435982,10190106,10812452,11944126,10217532,9031235,9783243,11769920,6412406,10001844,10343170,11537269,11517095,8426721,6467138,12018790,0,8995744,9757503,9092109,7674708,10671216,1,8012761
